1.89443 0.447214
2.49507 1.24673
2.67631 2.23017
2.40093 3.1915
1.72706 3.93036
0.79536 4.29358
-0.200848 4.20658
-1.0559 3.68804
-1.59421 2.84529
-1.70598 1.85155
-1.36909 0.910009
-0.652833 0.212171
0.296913 -0.100852
1.28784 0.0335592
2.12033 0.587595
2.6276 1.44938
2.70876 2.44608
2.34836 3.37888
1.61868 4.06267
0.664716 4.36259
-0.32509 4.22017
-1.15625 3.66414
-1.66634 2.80402
-1.75643 1.80808
-1.40973 0.870107
-0.694113 0.171609
0.251714 -0.153062
1.24554 -0.042139
2.09694 0.482379
2.64368 1.31968
2.78234 2.31002
2.48736 3.26552
1.81518 4.00591
0.89285 4.39232
-0.106376 4.35299
-0.995852 3.89601
-1.61036 3.1071
-1.83654 2.13301
-1.63333 1.15388
-1.03886 0.349756
-0.162747 -0.13235
0.834608 -0.205029
1.77165 0.144195
2.47875 0.851306
2.82874 1.78806
2.75935 2.78565
2.28378 3.66532
1.48759 4.27038
0.512869 4.49379
-0.467521 4.29672
-1.28069 3.71469
-1.78411 2.85065
-1.89027 1.8563
-1.58141 0.905191
-0.911921 0.162366
0.00174147 -0.244107
1.00174 -0.244845
1.91634 0.159516
2.5894 0.899106
2.9068 1.8474
2.81541 2.84321
2.33145 3.7183
1.53705 4.32569
0.565899 4.56417
-0.419625 4.39463
-1.25572 3.84604
-1.80429 3.00994
-1.97548 2.0247
-1.7419 1.05237
-1.14254 0.251883
-0.275722 -0.246734
0.71747 -0.363217
1.67638 -0.0795076
2.44685 0.557973
2.90583 1.44642
2.98075 2.44361
2.66045 3.39092
1.99641 4.13862
1.09391 4.5693
0.0950041 4.61607
-0.844076 4.27237
-1.57738 3.59247
-1.99174 2.68235
-2.0239 1.68287
-1.6697 0.747702
-0.984104 0.0197236
-0.0721824 -0.39064
0.927331 -0.421825
1.86336 -0.0699079
2.59534 0.611417
3.01415 1.51949
3.05802 2.51853
2.72124 3.46011
2.05435 4.20527
1.15614 4.64483
0.158607 4.71507
-0.792606 4.40653
-1.55954 3.76481
-2.03177 2.88333
-2.14201 1.88943
-1.87522 0.92567
-1.27028 0.129403
-0.413767 -0.386722
0.572749 -0.550384
1.55022 -0.339333
2.38181 0.216064
2.95191 1.03764
3.18201 2.0108
3.04107 3.00082
2.54928 3.87154
1.77474 4.50406
0.823573 4.81275
-0.174842 4.75647
-1.08565 4.34364
-1.7867 3.63053
-2.18471 2.71315
-2.22742 1.71406
-1.90996 0.76579
-1.27501 -0.0067631
-0.406608 -0.50263
0.581297 -0.657687
1.56003 -0.452566
2.40302 0.0853693
3.00205 0.886097
3.28094 1.84642
3.20488 2.84352
2.78436 3.7508
2.07328 4.45391
1.16167 4.86497
0.164004 4.93328
-0.795371 4.65114
-1.59775 4.05433
-2.14465 3.21713
-2.36963 2.24277
-2.246 1.25044
-1.78963 0.36065
-1.05644 -0.31937
-0.135215 -0.708403
0.86342 -0.760635
1.82046 -0.470676
2.62271 0.126311
3.17606 0.959257
3.41629 1.92997
3.31617 2.92495
2.88814 3.82871
2.18243 4.53721
1.28074 4.9696
0.286547 5.07718
-0.686968 4.84856
-1.52982 4.31041
-2.14758 3.52405
-2.47173 2.57804
-2.46694 1.57805
-2.1346 0.634893
-1.51214 -0.147753
-0.668454 -0.684596
0.303973 -0.917801
1.29946 -0.822891
2.21067 -0.410951
2.94016 0.273039
3.41065 1.15545
3.57292 2.14219
3.4107 3.12895
2.94184 4.01222
2.21608 4.70017
1.30938 5.12194
0.315764 5.23476
-0.662599 5.02787
-1.52594 4.52324
-2.18698 3.77289
-2.57957 2.85318
-2.66508 1.85684
-2.4358 0.88348
-1.91535 0.0295865
-1.15587 -0.620946
-0.232513 -1.00488
0.76423 -1.08552
1.73751 -0.855891
2.59356 -0.339003
3.25067 0.414794
3.64677 1.333
3.74509 2.32815
3.53721 3.30631
3.04346 4.17591
2.31064 4.85633
1.40725 5.28514
0.416881 5.42362
-0.569633 5.25994
-1.46263 4.80987
-2.18167 4.11491
-2.6627 3.23821
-2.86346 2.25857
-2.76697 1.26323
-2.38261 0.34005
-1.74494 -0.430263
-0.910291 -0.981039
0.0484738 -1.26524
1.04846 -1.2592
2.00399 -0.964328
2.83398 -0.406556
3.4687 0.36619
3.85545 1.28838
3.96272 2.28261
3.78249 3.26623
3.33049 4.15825
2.64457 4.88592
1.78125 5.39058
0.810859 5.63213
-0.188335 5.592
-1.13652 5.27429
-1.95869 4.70505
-2.5905 3.92993
-2.98312 3.01022
-3.10679 2.0179
-2.95283 1.02982
-2.53394 0.121785
-1.88292 -0.637273
-1.0498 -1.19037
-0.0978392 -1.49658
0.901466 -1.53385
1.87381 -1.3003
2.74762 -0.814036
3.45926 -0.111494
3.95754 0.755525
4.20718 1.72386
4.19113 2.72373
3.91142 3.68382
3.38873 4.53634
2.66062 5.2218
1.77856 5.69293
0.804183 5.91786
-0.195172 5.88196
-1.15117 5.58858
-1.99913 5.05853
-2.68234 4.3283
-3.1557 3.44743
-3.38853 2.47492
-3.36634 1.47516
-3.0915 0.513673
-2.58275 -0.347241
-1.87374 -1.05243
-1.01056 -1.55733
-0.0486149 -1.83058
0.951067 -1.8558
1.92577 -1.6323
2.81503 -1.17489
3.56431 -0.512637
4.12827 0.313164
4.47334 1.25174
4.57953 2.24608
4.44139 3.2365
4.06804 4.16419
3.48236 4.97473
2.71941 5.62118
1.82412 6.06667
0.848543 6.28631
-0.151297 6.26844
-1.11864 6.01498
-1.99923 5.5411
-2.74429 4.8741
-3.31311 4.05164
-3.67517 3.11948
-3.81156 2.12883
-3.71582 1.13342
-3.394 0.186622
-2.86413 -0.661451
-2.15495 -1.36649
-1.3043 -1.8922
-0.356834 -2.21207
0.638311 -2.31049
1.63019 -2.18334
2.56867 -1.83799
3.40689 -1.29266
4.1036 -0.575303
4.62503 0.277987
4.94644 1.22493
5.05309 2.21922
4.94078 3.21289
4.61577 4.15861
4.09435 5.01191
3.40177 5.73324
2.5709 6.28971
1.64058 6.65645
0.653638 6.81754
-0.345065 6.76664
-1.31076 6.50695
-2.20072 6.05092
-2.97616 5.4195
-3.60379 4.64099
-4.05717 3.74967
-4.31769 2.7842
-4.37518 1.78586
-4.22817 0.796724
-3.8837 -0.142075
-3.35691 -0.992067
-2.67015 -1.71895
-1.85196 -2.29389
-0.935738 -2.69457
0.0416759 -2.9059
1.04157 -2.92048
2.0249 -2.73869
2.95385 -2.36846
3.79319 -1.82486
4.51164 -1.12928
5.08288 -0.308502
5.48647 0.606437
5.70842 1.58149
5.74158 2.58094
5.58569 3.56872
5.24725 4.50971
4.73912 5.37098
4.07987 6.12291
3.29305 6.74009
2.40618 7.20212
1.44979 7.49418
0.456216 7.6074
-0.541438 7.53894
-1.51047 7.29202
-2.41963 6.87557
-3.24008 6.30385
-3.94627 5.59583
-4.51666 4.77446
-4.93428 3.86584
-5.18715 2.89833
-5.26849 1.90165
-5.17679 0.905862
-4.91576 -0.0594666
-4.49399 -0.966168
-3.92462 -1.78825
-3.22484 -2.50261
-2.41523 -3.08958
-1.51913 -3.53343
-0.561878 -3.82268
0.429944 -3.95031
1.42928 -3.91379
2.40933 -3.71507
3.34431 -3.36036
4.21004 -2.85985
4.98459 -2.22734
5.64876 -1.47976
6.18647 -0.63663
6.58512 0.280474
6.83575 1.24855
6.93321 2.24379
6.87609 3.24216
6.66674 4.22
6.31098 5.15458
5.81798 6.0246
5.19983 6.81066
4.47124 7.49562
3.64911 8.06491
2.75205 8.50683
1.79997 8.81266
0.813526 8.97677
-0.186276 8.99664
-1.17858 8.87284
-2.14311 8.60887
-3.06056 8.21101
-3.91296 7.68813
-4.68401 7.05136
-5.35933 6.31383
-5.92667 5.49035
-6.37612 4.59704
-6.70015 3.65099
-6.89374 2.66991
-6.95433 1.67175
-6.88182 0.674382
-6.67845 -0.304719
-6.3487 -1.24879
-5.89912 -2.14202
-5.33813 -2.96985
-4.67585 -3.7191
-3.92379 -4.3782
-3.0947 -4.9373
-2.20221 -5.38837
-1.26066 -5.72525
-0.284814 -5.94371
0.710402 -6.04141
1.71012 -6.01786
2.69978 -5.87439
3.66529 -5.61403
4.59327 -5.24141
5.47119 -4.7626
6.28752 -4.18502
7.03187 -3.51722
7.69504 -2.76876
8.26917 -1.94999
8.74773 -1.07194
9.12559 -0.146079
9.399 0.815818
9.5656 1.80184
9.62437 2.80011
9.57561 3.79892
9.42086 4.78688
9.16284 5.75302
8.80534 6.68693
8.35314 7.57885
7.81195 8.41974
7.18822 9.20138
6.4891 9.91638
5.7223 10.5583
4.896 11.1215
4.0187 11.6014
3.09916 11.9944
2.14628 12.2978
1.16898 12.5096
0.176141 12.6291
-0.823494 12.6561
-1.8214 12.5914
-2.80934 12.4366
-3.77942 12.1938
-4.72416 11.866
-5.63652 11.4566
-6.50997 10.9697
-7.33848 10.4097
-8.1166 9.7816
-8.8394 9.09055
-9.50257 8.34208
-10.1024 7.54191
-10.6356 6.69594
-11.0996 5.81013
-11.4925 4.89054
-11.8126 3.94317
-12.0591 2.97402
-12.2315 1.98898
-12.3296 0.993816
-12.3541 -0.00588417
-12.3057 -1.00471
-12.1857 -1.99749
-11.9957 -2.97927
-11.7376 -3.94539
-11.4136 -4.89145
-11.0262 -5.81335
-10.578 -6.70729
-10.0719 -7.56978
-9.51099 -8.39762
-8.8983 -9.18794
-8.23713 -9.93818
-7.5308 -10.6461
-6.78268 -11.3096
-5.99617 -11.9272
-5.17464 -12.4974
-4.32148 -13.019
-3.44002 -13.4913
-2.53353 -13.9135
-1.60522 -14.2853
-0.658211 -14.6065
0.304469 -14.8772
1.2799 -15.0974
2.26529 -15.2677
3.25796 -15.3886
4.25535 -15.4608
5.25506 -15.4851
6.2548 -15.4624
7.25244 -15.3938
8.24599 -15.2804
9.23359 -15.1234
10.2135 -14.9242
11.1843 -14.684
12.1443 -14.4042
13.0925 -14.0863
14.0275 -13.7317
14.9484 -13.3419
15.8542 -12.9182
16.7442 -12.4623
17.6177 -11.9755
18.4742 -11.4593
19.3131 -10.9151
20.1343 -10.3444
20.9373 -9.74849
21.7222 -9.12878
22.4887 -8.48658
23.237 -7.82318
23.9671 -7.13982
24.6791 -6.43772
25.3734 -5.71804
26.0503 -4.98191
26.71 -4.23041
27.3531 -3.46459
27.9799 -2.68543
28.591 -1.89389
29.187 -1.09088
29.7684 -0.277285
30.3359 0.54608
30.8902 1.37842
31.4319 2.21898
31.9618 3.06703
32.4806 3.92191
32.9892 4.78295
33.4882 5.64953
33.9786 6.52106
34.461 7.39696
34.9365 8.2767
35.4058 9.15974
35.8698 10.0456
36.3293 10.9337
36.7853 11.8237
37.2386 12.7151
37.6902 13.6073
38.1408 14.5
38.5915 15.3927
39.043 16.285
39.4963 17.1763
39.9523 18.0663
40.4119 18.9545
40.8758 19.8403
41.3451 20.7233
41.8206 21.6031
42.3031 22.479
42.7934 23.3505
43.2925 24.2171
43.801 25.0781
44.3198 25.933
44.8497 26.7811
45.3915 27.6216
45.9457 28.454
46.5132 29.2773
47.0947 30.0909
47.6906 30.8939
48.3018 31.6855
48.9286 32.4646
49.5716 33.2304
50.2314 33.9819
50.9082 34.7181
51.6025 35.4378
52.3146 36.1399
53.0447 36.8232
53.7929 37.4866
54.5595 38.1288
55.3443 38.7485
56.1474 39.3444
56.9685 39.9151
57.8075 40.4593
58.664 40.9755
59.5375 41.4623
60.4275 41.9183
61.3333 42.3419
62.2542 42.7318
63.1892 43.0864
64.1373 43.4043
65.0974 43.684
66.0681 43.9242
67.0481 44.1234
68.0357 44.2804
69.0292 44.3938
70.0269 44.4624
71.0266 44.4851
72.0263 44.4608
73.0237 44.3886
74.0164 44.2677
75.0018 44.0974
75.9772 43.8771
76.9399 43.6065
77.8869 43.2853
78.8152 42.9135
79.7217 42.4912
80.6031 42.019
81.4563 41.4973
82.2778 40.9272
83.0643 40.3096
83.8124 39.646
84.5188 38.9381
85.1799 38.1879
85.7926 37.3976
86.3536 36.5697
86.8597 35.7073
87.3078 34.8133
87.6953 33.8914
88.0192 32.9454
88.2773 31.9792
88.4673 30.9974
88.5873 30.0047
88.6357 29.0058
88.6112 28.0061
88.513 27.011
88.3407 26.0259
88.0942 25.0568
87.7741 24.1094
87.3812 23.1898
86.9171 22.304
86.3839 21.4581
85.7841 20.6579
85.121 19.9094
84.3982 19.2184
83.62 18.5903
82.7915 18.0303
81.9181 17.5434
81.0057 17.134
80.061 16.8062
79.0909 16.5634
78.1029 16.4086
77.105 16.3439
76.1054 16.3709
75.1126 16.4904
74.1353 16.7022
73.1824 17.0056
72.2629 17.3986
71.3856 17.8785
70.5593 18.4418
69.7925 19.0837
69.0933 19.7987
68.4696 20.5803
67.9284 21.4212
67.4762 22.3131
67.1187 23.247
66.8607 24.2132
66.706 25.2011
66.6572 26.1999
66.716 27.1982
66.8826 28.1842
67.156 29.1461
67.5339 30.072
68.0125 30.95
68.5866 31.7688
69.2498 32.5173
69.9941 33.1851
70.8105 33.7626
71.6884 34.2414
72.6164 34.6141
73.5819 34.8744
74.5715 35.0179
75.5713 35.0414
76.5665 34.9437
77.5423 34.7252
78.4839 34.3884
79.3764 33.9373
80.2054 33.3782
80.9575 32.7191
81.6198 31.9698
82.1808 31.142
82.6303 30.2487
82.9601 29.3047
83.1634 28.3256
83.2359 27.3282
83.1753 26.33
82.9817 25.349
82.6577 24.4029
82.2082 23.5096
81.6409 22.6861
80.9656 21.9486
80.1945 21.3118
79.3421 20.789
78.4247 20.3911
77.4601 20.1272
76.4678 20.0034
75.468 20.0232
74.4816 20.1874
73.5295 20.4932
72.6324 20.9351
71.8103 21.5044
71.0817 22.1894
70.4636 22.9754
69.9706 23.8455
69.6148 24.78
69.4055 25.7579
69.3484 26.7563
69.4458 27.7515
69.6965 28.7196
70.0951 29.6367
70.6328 30.4798
71.297 31.2274
72.0716 31.8599
72.9373 32.3604
73.8723 32.7151
74.8523 32.9138
75.8517 32.9503
76.8435 32.8227
77.8008 32.5334
78.6969 32.0896
79.5065 31.5026
80.2062 30.7882
80.7756 29.9661
81.1974 29.0594
81.4584 28.0941
81.5501 27.0983
81.4687 26.1016
81.2158 25.1341
80.7982 24.2255
80.2278 23.4041
79.5216 22.6961
78.7012 22.1244
77.792 21.708
76.823 21.4611
75.8253 21.3926
74.8317 21.5058
73.8753 21.7979
72.9885 22.2599
72.2017 22.8771
71.5424 23.6291
71.0343 24.4903
70.6959 25.4313
70.54 26.4191
70.5731 27.4186
70.7951 28.3936
71.1987 29.3085
71.77 30.1293
72.4884 30.8249
73.3278 31.3685
74.2567 31.7387
75.24 31.9205
76.2399 31.9059
77.2173 31.6946
78.1336 31.2939
78.9517 30.7189
79.6385 29.992
80.1653 29.142
80.5097 28.2032
80.6567 27.2141
80.5992 26.2157
80.3387 25.2503
79.8853 24.359
79.2577 23.5805
78.4822 22.949
77.5923 22.493
76.6266 22.2333
75.6279 22.1825
74.6409 22.3436
73.7106 22.7103
72.8798 23.2668
72.1872 23.9881
71.6658 24.8414
71.3408 25.7871
71.2285 26.7808
71.3351 27.7751
71.6566 28.7221
72.178 29.5753
72.8747 30.2927
73.7129 30.838
74.6514 31.1833
75.6433 31.3105
76.6384 31.2121
77.5859 30.8922
78.4366 30.3665
79.1457 29.6614
79.6756 28.8133
79.9974 27.8665
80.0931 26.8711
79.9567 25.8805
79.5946 24.9483
79.0258 24.1259
78.2807 23.4589
77.4002 22.985
76.4328 22.7316
75.433 22.7137
74.4574 22.9333
73.5621 23.3788
72.7992 24.0253
72.2135 24.8359
71.8401 25.7635
71.702 26.754
71.8082 27.7483
72.1533 28.6869
72.7173 29.5127
73.4666 30.1749
74.3558 30.6323
75.3305 30.8558
76.3302 30.8306
77.2922 30.5573
78.1553 30.0524
78.8643 29.3472
79.3731 28.4863
79.6479 27.5248
79.6701 26.525
79.4372 25.5525
78.9639 24.6717
78.2806 23.9414
77.4327 23.4114
76.4767 23.118
75.4773 23.0821
74.503 23.3071
73.6209 23.7782
72.8928 24.4637
72.3701 25.3162
72.0904 26.2763
72.0744 27.2762
72.324 28.2445
72.8223 29.1115
73.534 29.8141
74.4078 30.3003
75.3801 30.5339
76.3794 30.4966
77.3314 30.1903
78.1645 29.6372
78.8155 28.8782
79.2344 27.9701
79.3883 26.982
79.2646 25.9897
78.872 25.07
78.2402 24.2949
77.418 23.7257
76.4698 23.408
75.4706 23.3679
74.5003 23.6094
73.6369 24.1141
72.951 24.8418
72.499 25.7338
72.3188 26.7174
72.4261 27.7117
72.8129 28.6339
73.4476 29.4066
74.2776 29.9643
75.2331 30.2592
76.2331 30.2652
77.1919 29.981
78.0265 29.4302
78.6642 28.6599
79.0485 27.7367
79.145 26.7414
78.9442 25.7617
78.4632 24.885
77.7441 24.1901
76.8511 23.74
75.8646 23.5764
74.8743 23.7149
73.9709 24.1437
73.2381 24.8241
72.7443 25.6937
72.5365 26.6719
72.6348 27.667
73.0309 28.5852
73.688 29.339
74.5441 29.8559
75.5174 30.0855
76.5141 30.0049
77.4375 29.6209
78.1969 28.9704
78.7174 28.1165
78.9466 27.1431
78.8611 26.1468
78.4685 25.2271
77.8075 24.4767
76.9441 23.9721
75.9657 23.7652
74.9721 23.8781
74.0654 24.2999
73.3397 24.9878
72.8708 25.8711
72.7086 26.8579
72.8709 27.8446
73.3414 28.727
74.0709 29.411
74.9821 29.8229
75.9776 29.9178
76.95 29.6846
77.7937 29.1477
78.4162 28.3651
78.7485 27.4219
78.7533 26.4219
78.4291 25.4759
77.8113 24.6896
76.9685 24.1514
75.9949 23.9228
75.0007 24.0304
74.0991 24.4628
73.3934 25.1713
72.9654 26.0751
72.8653 27.0701
73.1055 28.0408
73.6589 28.8737
74.4611 29.4707
75.4182 29.7606
76.4168 29.7084
77.338 29.3193
78.0712 28.6393
78.5276 27.7495
78.6512 26.7572
78.4262 25.7828
77.8793 24.9456
77.0769 24.3488
76.1175 24.0667
75.1198 24.135
74.2082 24.5461
73.4972 25.2492
73.0766 26.1565
73.0006 27.1536
73.2795 28.1139
73.8786 28.9147
74.7216 29.4526
75.7003 29.6577
76.6882 29.5026
77.5566 29.0067
78.1915 28.2342
78.509 27.2859
78.4662 26.2868
78.0682 25.3694
77.3671 24.6563
76.4563 24.2435
75.4579 24.1873
74.5068 24.496
73.7322 25.1285
73.2405 25.9992
73.0995 26.9892
73.3297 27.9624
73.8998 28.784
74.7314 29.3393
75.7088 29.5504
76.6954 29.3867
77.5519 28.8706
78.1568 28.0743
78.4236 27.1105
78.3133 26.1166
77.8411 25.2351
77.0741 24.5934
76.1229 24.2849
75.1254 24.3552
74.2272 24.7948
73.5603 25.5399
73.2235 26.4815
73.2674 27.4805
73.6862 28.3886
74.4182 29.0699
75.3543 29.4218
76.3538 29.3906
77.2657 28.9802
77.9513 28.2522
78.3055 27.3171
78.2733 26.3176
77.8589 25.4075
77.1256 24.7276
76.1865 24.3839
75.1876 24.4307
74.2851 24.8614
73.6211 25.6091
73.3008 26.5564
73.3757 27.5536
73.8347 28.4421
74.6052 29.0795
75.5641 29.3632
76.5573 29.2467
77.4241 28.7481
78.0235 27.9476
78.257 26.9752
78.0858 25.99
77.5372 25.1539
76.7011 24.6054
75.7156 24.4358
74.7445 24.6743
73.9501 25.2817
73.4661 26.1568
73.3748 27.1526
73.6922 28.1009
74.3652 28.8405
75.2799 29.2448
76.2799 29.2441
77.1935 28.8376
77.863 28.0948
78.1718 27.1436
78.0656 26.1493
77.5622 25.2853
76.749 24.7033
75.7686 24.5062
74.7939 24.7296
73.9977 25.3347
73.5222 26.2144
73.4528 27.212
73.8028 28.1487
74.5099 28.8558
75.447 29.205
76.4443 29.1323
77.3204 28.6502
77.9149 27.8461
78.1181 26.8669
77.8919 25.8929
77.2774 25.104
76.3879 24.647
75.3886 24.6077
74.4663 24.9941
73.7942 25.7345
73.4992 26.69
73.6379 27.6804
74.1846 28.5176
75.036 29.0421
76.0299 29.153
76.9757 28.8284
77.6913 28.1298
78.038 27.1919
77.9479 26.1959
77.4377 25.3358
76.6066 24.7798
75.6168 24.6374
74.6628 24.9374
73.9332 25.6212
73.5728 26.554
73.6539 27.5507
74.1612 28.4124
74.9937 28.9664
75.9847 29.1008
76.9344 28.7878
77.6506 28.0899
77.9875 27.1484
77.8757 26.1547
77.3374 25.3119
76.4823 24.7934
75.4861 24.7064
74.5544 25.0697
73.8806 25.8085
73.6052 26.7699
73.7865 27.7533
74.3871 28.5528
75.2816 29
